0
0.0881518
0.121318
0.16828
0.129118
0.102444
0.172092
0.225462
0.377735
0.546318
0.456101
0.336195
0.424828
0.380177
0.358907
0.195741
0.186319
0.135536
0.115282
0.111201
0.0777709
0
0.0487548
0.0607825
0.0829324
0.0629247
0.0696357
0.0402748
0.0426388
0.0545947
0.0679253
0.0529602
0.109079
0.0856005
0.0994577
0.0670766
0.100407
0.193778
0.134954
0.042361
0.0826271
0.131296
0
0.0880857
0.0451731
0.0513789
0.0459732
0.0723193
0.0362938
0.0940203
0.0443879
0.0639597
0.0843436
0.0549786
0.0587635
0.0629353
0.125677
0.202523
0.179809
0.07189
0.109002
0.228267
0.114515
0
0.0225595
0.148264
0.261366
0.323687
0.314995
0.19838
0.18609
0.216971
0.248709
0.190012
0.147889
0.157998
0.209857
0.178816
0.188694
0.366097
0.385579
0.462597
0.399651
0.257203
